timeInit   = 0.000247
timeInit_g = 0.002001
timeInit_j = 0.000620
timeAdd   = 0.050052
timeAdd_g = 0.604242
timeAdd_j = 0.000395
timeSub   = 0.026173
timeSub_g = 0.610240
timeSub_j = 0.000380
timeMult   = 0.000288
timeMult_g = 3.679259
timeMult_j = 0.000763
timeAccess   = 0.000796
timeAccess_g = 1.260171
timeAccess_j = 0.001864
timeMax   = 0.064621
timeMax_g = 4.186128
timeMax_j = 0.001410
timeSort   = 0.827335
timeSort_g = 16.166296
timeSort_j = 0.003450